
dasfasd
asdfaasdfa

asdA


jioyrq       jiaoyl

20190720	20190720
20190721	20190721
20190722	20190722
20190723	20190723
20190724	20190724
20190701	20190701
20190702	20190702
20190703	20190703
20190711	20190711
20190712	20190712
20190713	20190713
20190725	20190725
20190726	20190726
20190715	20190715
20190716	20190716
20190717	20190717
20190718	20190718
20190719	20190719
20190704	20190704
20190705	20190705
20190706	20190706
20190707	20190707
20190708	20190708
20190709	20190709
20190710	20190710
20190727	20190727
20190728	20190728
20190729	20190729
20190730	20190730
20190731	20190731
20190714	20190714






jiluzt    jioybs

2    2
0    0
3    3
4    4


    jioybs1
	
	1345134
	
	
	wangds
	
	2345
	
	
